   1.05405774397022        2.50000000000000       2.999999932944775E-002
   33.0473899724087     
   1.05404819495391        2.50000000000000       2.999999932944775E-002
   33.0473904481849     
   1.05403864593760        2.50000000000000       2.999999932944775E-002
   33.0473909239612     
   1.05402909692129        2.50000000000000       2.999999932944775E-002
   33.0473913997374     
   1.05401954790499        2.50000000000000       2.999999932944775E-002
   33.0473918755137     
   1.05400999888868        2.50000000000000       2.999999932944775E-002
   33.0473923512900     
   1.05400044987237        2.50000000000000       2.999999932944775E-002
   33.0473928270663     
   1.05399090085606        2.50000000000000       2.999999932944775E-002
   33.0473933028426     
   1.05398135183976        2.50000000000000       2.999999932944775E-002
   33.0473937786190     
   1.05397180282345        2.50000000000000       2.999999932944775E-002
   33.0473942543953     
  0.984569361605916        2.50000000000000       2.999999932944775E-002
   33.0508526064921     
  0.850870389397902        2.50000000000000       2.999999932944775E-002
   33.0575171367036     
  0.727030845010904        2.50000000000000       2.999999932944775E-002
   33.0636928514792     
  0.612364607568458        2.50000000000000       2.999999932944775E-002
   33.0694133790411     
  0.506192166741986        2.50000000000000       2.999999932944775E-002
   33.0747121136707     
  0.407884354356024        2.50000000000000       2.999999932944775E-002
   33.0796200216080     
  0.316858606035276        2.50000000000000       2.999999932944775E-002
   33.0841658148378     
  0.232575507821400        2.50000000000000       2.999999932944775E-002
   33.0883761125279     
  0.154535605261916        2.50000000000000       2.999999932944775E-002
   33.0922755909694     
  8.227643747522356E-002   2.50000000000000       2.999999932944775E-002
   33.0958871236621     
