  0.299994999999944       -7305.83040181168       -7306.02907970826     
  0.299984999999833       -7305.83040181168       -7306.02907970826     
  0.299974999999722       -7305.83040181168       -7306.02907970826     
  0.299964999999611       -7305.83040181168       -7306.02907970826     
  0.299954999999500       -7305.83040181168       -7306.02907970826     
  0.299944999999389       -7305.83040181168       -7306.02907970826     
  0.299934999999277       -7305.83040181168       -7306.02907970826     
  0.299924999999166       -7305.83040181168       -7306.02907970826     
  0.299914999999055       -7305.83040181168       -7306.02907970826     
  0.299904999998944       -7305.83040181168       -7306.02907970826     
  0.279251454227051       -7305.83040181168       -7306.02907970826     
  0.239437592976174       -7305.83040181168       -7306.02907970826     
  0.202526615016541       -7305.83040181168       -7306.02907970826     
  0.168349783696613       -7305.83040181168       -7306.02907970826     
  0.136704571001610       -7305.83040181168       -7306.02907970826     
  0.107403449170670       -7305.83040181168       -7306.02907970826     
  8.027278093286440E-002  -7305.83040181168       -7306.02907970826     
  5.515179244466709E-002  -7305.83040181168       -7306.02907970826     
  3.189161887057709E-002  -7305.83040181168       -7306.02907970826     
  1.035442260690617E-002  -7305.83040181168       -7306.02907970826     
