   3.46635501765919        2.50000000000000       2.999999932944775E-002
   3.46634515476084        2.50000000000000       2.999999932944775E-002
   3.46633529186249        2.50000000000000       2.999999932944775E-002
   3.46632542896414        2.50000000000000       2.999999932944775E-002
   3.46631556606579        2.50000000000000       2.999999932944775E-002
   3.46630570316744        2.50000000000000       2.999999932944775E-002
   3.46629584026910        2.50000000000000       2.999999932944775E-002
   3.46628597737075        2.50000000000000       2.999999932944775E-002
   3.46627611447240        2.50000000000000       2.999999932944775E-002
   3.46626625157405        2.50000000000000       2.999999932944775E-002
   3.23042756410488        2.50000000000000       2.999999932944775E-002
   2.77618357091033        2.50000000000000       2.999999932944775E-002
   2.35554165623370        2.50000000000000       2.999999932944775E-002
   1.96605842690408        2.50000000000000       2.999999932944775E-002
   1.60542581139982        2.50000000000000       2.999999932944775E-002
   1.27150673381926        2.50000000000000       2.999999932944775E-002
  0.962322415934025        2.50000000000000       2.999999932944775E-002
  0.676040647190000        2.50000000000000       2.999999932944775E-002
  0.410964946239295        2.50000000000000       2.999999932944775E-002
  0.165524486641434        2.50000000000000       2.999999932944775E-002
